fluid : 0
gravity : 2
fluid-cube : 0.00 0.130 0.000, 0.250 0.625 0.250, 0.0 -3.0 0.0  # dam 1
fluid-cube : 0.75 0.255 0.750, 1.000 0.750 1.000, 0.0 -1.5 0.0  # dam 2
solid : 0.75 0.171875 0.750, 1.000 0.1875 1.0000 # bottom of dam 2
solid : 0.50 0.109375 0.500, 1.000 0.1250 1.0000 # step down for dam 2
