fluid : 0
gravity : 3.0
fluid-cube : 0.5625 0.125 0.500, 1.000 0.250 1.000, 0.0 0.0 0.0  # reservoir
solid : 0.0000 0.484375 0.000, 0.500 0.500 0.500  # top slab
solid : 0.5625 0.109375 0.5000, 1.0000 0.125 0.5000  # slab 1 at back
solid : 0.5625 0.109375 0.5000, 0.5625 0.125 1.0000  # slab 2 at left
solid : 0.5625 0.109375 0.5000, 1.0000 0.125 1.0000  # slab 3 reservoir bottom
source-timed : 0.000 0.625 0.250, 0.0625 0.750 0.5000, 4.0 1.0 0.0, 0.0 2.0  # left top
source-timed : 0.250 0.625 0.000, 0.5000 0.750 0.0625, 0.0 1.0 4.0, 0.0 2.0  # left back top
